4937818
4937824
4937859
4938007
4938106
4938117
4938126
4938135
4938246
4938291
4938322
4938330
4938372
4938394
4938426
4938502
4938520
4938534
4938547
4938565
4938575
4938606
4938632
4938651
4938691
4938718
4938744
4938763
4938815
4938822
4938870
4938981
4939062
4939064
4939077
4939140
4939215
4939226
4939230
4939258
4939294
4939360
4939375
4939464
4939485
4939508
4939550
4939554
4939555
4939563
4939591
4939623
4939654
4939677
4939700
4939715
4939737
4939776
4939798
4939802
4939906
4939928
4939978
4940158
4940235
4940256
4940277
4940419
4940432
4940472
4940527
4940540
4940598
4940637
4940676
4940682
4940826
4940833
4940848
4940896
4940897
4940961
4940980
4940982
4941042
4941051
4941211
4941267
4941346
4941382
4941387
4941429
4941431
4941438
4941443
4941475
4941546
4941553
4941562
4941582